201 162348 23466544
202 119574 1020788
203 65078 657664
204 18474 502864
211 5 199964
212 0 12840
213 0 20936
214 0 8964
221 2766 1121616
222 1065 45084
223 334 35172
224 225 16468
231 0 5840
232 83 456
233 34 172
234 0 152
271 2637 3170808
272 323 145328
273 214082 57290652
274 25071 4379120
275 28938 1434940
276 2807 852580
280 0 1556
281 0 172
763 1964 154380
771 228 460192
780 4543 564800
781 4917 337808
782 2560 353184
785 4563 827800
786 7357 952332
787 12173 1668884
788 6570 888320
901 10 3880
911 0 2344
921 8 6616
931 0 1656
941 0 1812
951 34 5256
991 0 0
992 2 336