201 11737 5866636
202 134 255197
203 498 164416
204 232 125716
211 0 49991
212 0 3210
213 0 5234
214 0 2241
221 65 280404
222 0 11271
223 0 8793
224 4 4117
231 0 1460
232 0 114
233 0 43
234 0 38
271 160 792702
272 0 36332
273 10839 14322663
274 270 1094780
275 43 358735
276 61 213145
280 0 389
281 0 43
763 30 38595
771 0 115048
780 42 141200
781 14 84452
782 35 88296
785 47 206950
786 58 238083
787 72 417221
788 36 222080
901 0 970
911 0 586
921 0 1654
931 0 414
941 0 453
951 0 1314
991 0 0
992 0 84